,start,end,A,B,C,Delta,R2_Raw,R2_SGF
0,0,24,-0.00023904828810064336,0.009721734972568763,-0.1510805190514893,24,0.428,0.906
1,25,52,0.0006983041751017627,-0.06965530690182073,2.2891489717849685,27,0.681,0.962
2,53,79,0.0007892256197590214,-0.15183410753701515,9.517692155460411,26,0.665,0.923
3,80,206,1.9015009009480016e-06,-0.000468800371416318,0.039387001041143066,126,0.518,0.916
4,207,213,0.016705516702184894,-10.606920854803661,2244.3043896059753,6,0.361,0.975
5,214,220,-0.01748251748764745,11.372571875932623,-2465.628927362782,6,0.182,0.983
6,221,227,-0.006604506602560863,4.497807746494563,-1020.6656951202807,6,0.221,0.956
7,228,234,0.0013597513560715065,-0.8594461068965448,179.2767781879886,6,-0.146,0.772
8,235,351,-2.3097265591029766e-05,0.02070742257583375,-6.1017606335298655,116,0.653,0.898
9,352,363,-0.000308204272038755,0.33585205384769495,-121.97025248989658,11,0.076,0.346
10,364,378,0.002865361274071772,-3.1842814885375037,1179.4726080347575,14,0.302,0.782
11,379,427,-0.00019905962911640884,0.23764256930265723,-94.53674118142013,48,0.767,0.895
12,428,454,-0.0007161742647288779,0.9364809619087924,-408.2198958872569,26,0.806,0.981
13,455,464,0.0014992130409844544,-2.087158572491611,967.8394961957833,9,0.846,0.999
14,465,482,-0.005366871595480773,7.615649931044692,-3602.181733815227,17,0.669,0.92
15,483,512,-0.00040959994219013767,0.6190507942864999,-311.57086203433624,29,0.737,0.926
16,513,525,-0.0023534158145565687,3.7149659774609383,-1954.725722093812,12,0.9,0.991
17,526,535,-0.008758012258447393,13.920240604827624,-7375.4655961397475,9,0.606,0.999
18,536,547,-0.009916872396926275,16.07254673785749,-8683.164448356494,11,0.487,0.956
19,548,562,-0.015367641692410903,25.531254513001407,-14138.495105578864,14,0.766,0.944
20,563,579,-0.002331202795287248,3.9528287754317493,-2234.079998995347,16,0.798,0.979
21,580,587,-0.05056391400481039,88.63856059167138,-51792.99608079505,7,0.907,0.998
22,588,600,-0.008504898374293838,15.079884001973396,-8912.548139408114,12,0.743,0.964
23,601,618,-0.0026052378987620685,4.701498191123979,-2827.7703474961386,17,0.512,0.96
24,619,632,-0.017015390086661367,31.99423131234824,-20052.1163806201,13,0.549,0.977
25,633,646,0.007894060994437577,-15.146822861248856,9687.658803837161,13,0.11,0.957
26,647,660,-0.0007880676802304518,1.5647001346727136,-1035.3234956587414,13,0.124,0.736
27,661,674,0.013184362385305362,-26.389785717553323,17606.502035385627,13,0.612,0.951
28,675,684,-0.005690760971863311,11.48599096734302,-7727.343584643302,9,0.751,0.988
29,685,693,-0.016295432952416977,33.80336244265524,-23372.631059699954,8,0.668,0.993
30,694,704,0.009138362278704352,-19.208765967734482,13458.033312594422,10,0.802,0.988
31,705,724,-0.001950449215718327,4.157681813380518,-2954.3013324708168,19,0.62,0.957
32,725,728,0.0034965032401364413,-7.34032578115854,5127.019406982466,3,0.757,1.0
33,729,743,0.000685442425366068,-1.6591755984120606,1327.9385926665238,14,0.865,0.971
34,744,752,-0.03506510274204182,78.76937343145494,-58980.96643043644,8,0.384,0.984
35,753,772,-0.0020077773342804875,4.641713021656171,-3576.251111318282,19,0.61,0.904
36,773,778,-0.01668393242155213,38.89030197823281,-30218.59927125394,5,0.605,0.994
37,779,792,0.005768295858240082,-13.69147724033095,10831.654915962148,13,0.254,0.802
38,793,822,0.002342928212859877,-5.653839702362501,4547.482936580453,29,0.427,0.91
39,823,832,0.045200978425436605,-112.19601253818152,92829.2818774891,9,-0.566,0.963
40,833,841,-0.006210119613579628,15.189332809134225,-12375.650070514077,8,0.707,0.976
41,842,845,-0.05361304498657761,136.44519962089007,-115748.83940424594,3,-0.66,1.0
42,846,852,0.026094275103271027,-66.41480488880536,56345.42924648871,6,0.122,0.955
43,853,862,0.022111920741476793,-56.91203597755288,48826.503425621675,9,0.234,0.901
44,863,877,0.013757728526385776,-35.81552905637234,31079.11850347286,14,0.675,0.913
45,878,885,-0.007234348902172123,19.25828917383657,-17087.352050549787,7,0.388,0.923
46,886,892,0.09356384464649078,-249.44464158881138,221674.88195880692,6,0.279,0.954
47,893,902,0.04877672199151848,-131.37940088479118,117955.22503954014,9,0.4,0.89
48,903,913,0.028248234657587995,-76.9186543102859,69815.28233222314,10,-1.244,0.974
49,914,942,0.003180181395747724,-8.825246244902644,8163.040717510294,28,0.53,0.927
50,943,945,-0.0002561297900718599,0.24284208291665466,228.7549989007617,2,-4.393,1.0
51,946,952,0.017935769174486874,-51.07628835426495,48484.544992866504,6,-0.949,0.989
52,953,961,0.026149215251992944,-75.06546904792451,71829.43946860822,8,0.17,0.993
53,962,978,0.0039872408300625755,-11.613183516221033,11274.843895275457,16,0.344,0.975
54,979,1005,0.0012403921624799794,-3.687649775758898,3654.4031759254894,26,0.594,0.932
55,1006,1030,0.0018714074609287267,-5.7075628199346555,5802.404925998377,24,0.549,0.968
56,1031,1076,-2.1599841588033635e-05,0.06747536403879285,-70.14144879495588,45,0.677,0.952
57,1077,1082,0.03047569532227298,-98.67772378290833,106503.38769878172,5,0.007,0.98
58,1083,1161,2.851762544679051e-05,-0.0946519222057883,104.7313268451433,78,0.8,0.912
59,1162,1192,-0.0004842568263500953,1.7092849965676318,-2010.9583521081443,30,0.457,0.938
60,1193,1259,1.8532371375466486e-05,-0.06724174256896379,81.3733002022324,66,0.682,0.914
61,1260,1272,0.0002417939321340206,-0.9052531943079971,1129.4726700376455,12,0.149,0.868
62,1273,1282,0.0023839796516158785,-9.11972873643589,11628.8406012489,9,0.276,0.889
63,1283,1362,5.369122619065336e-05,-0.2120575922599038,279.14365381823075,79,0.645,0.915
64,1363,1406,-0.00011751617584458231,0.4925932424047307,-688.0440570640604,43,0.75,0.962
65,1407,1422,-0.001045114433668308,4.4334127667845955,-6268.952390295301,15,0.206,0.961
